%YAML:1.0
---
cameraMatrix: !!opencv-matrix
   rows: 3
   cols: 3
   dt: d
   data: [ 1.1037849680776217e+03, 0., 1.0030080139059557e+03, 0.,
       1.1008501692046561e+03, 5.7661315541507838e+02, 0., 0., 1. ]
distortionCoefficients: !!opencv-matrix
   rows: 1
   cols: 5
   dt: d
   data: [ 1.1889650771230272e-01, -1.5247555845741806e-01,
       4.9041897430872530e-03, 1.0064201280987038e-02,
       6.3328309661655743e-02 ]
rotation: !!opencv-matrix
   rows: 3
   cols: 3
   dt: d
   data: [ 1., 0., 0., 0., 1., 0., 0., 0., 1. ]
projection: !!opencv-matrix
   rows: 4
   cols: 4
   dt: d
   data: [ 1.1037849680776217e+03, 0., 1.0030080139059557e+03, 0., 0.,
       1.1008501692046561e+03, 5.7661315541507838e+02, 0., 0., 0., 1.,
       0., 0., 0., 0., 1. ]
