%YAML:1.0
---
rotation: !!opencv-matrix
   rows: 3
   cols: 3
   dt: d
   data: [ 9.9883105343941270e-01, -3.8885324280802713e-02,
       -2.8713380864849952e-02, 3.7165147561010553e-02,
       9.9761351094480799e-01, -5.8189643297942989e-02,
       3.0907579845103179e-02, 5.7054485677730415e-02,
       9.9789253287724733e-01 ]
translation: !!opencv-matrix
   rows: 3
   cols: 1
   dt: d
   data: [ -2.7610495091488934e-03, 2.3806673654804245e-01,
       8.6941934378272689e-01 ]
essential: !!opencv-matrix
   rows: 3
   cols: 3
   dt: d
   data: [ -2.4954031535760240e-02, -8.5376170882369296e-01,
       2.8815622021879500e-01, 8.6848837638926435e-01,
       -3.3650122859318787e-02, -2.2208738061217283e-02,
       -2.3789106406759514e-01, 6.5028419564285914e-03,
       6.9963653638211712e-03 ]
fundamental: !!opencv-matrix
   rows: 3
   cols: 3
   dt: d
   data: [ 2.9201774237988121e-07, 1.0655167943882394e-05,
       -3.3728494244337610e-03, -1.0190342749392142e-05,
       4.2108186960825760e-07, 2.7004949668541370e-03,
       8.6557671193994764e-03, -1.1019600232847560e-02,
       9.9999999999999989e-01 ]
