%YAML:1.0
---
cameraMatrix: !!opencv-matrix
   rows: 3
   cols: 3
   dt: d
   data: [ 1.8074224289687859e+02, 0., 2.7079336054622564e+02, 0.,
       1.6947457764164992e+02, 2.5192447143212786e+02, 0., 0., 1. ]
distortionCoefficients: !!opencv-matrix
   rows: 1
   cols: 5
   dt: d
   data: [ 2.1248551240445841e-02, 1.5496536390282977e-03,
       3.4384129879146477e-02, 4.6362716617846356e-02,
       -2.0591981764349877e-04 ]
rotation: !!opencv-matrix
   rows: 3
   cols: 3
   dt: d
   data: [ 1., 0., 0., 0., 1., 0., 0., 0., 1. ]
projection: !!opencv-matrix
   rows: 4
   cols: 4
   dt: d
   data: [ 1.8074224289687859e+02, 0., 2.7079336054622564e+02, 0., 0.,
       1.6947457764164992e+02, 2.5192447143212786e+02, 0., 0., 0., 1.,
       0., 0., 0., 0., 1. ]
