%YAML:1.0
---
depthShift: -8.4987796996156266e+00
